2 2
2 63
3 64
3 4
3 3
3 65
3 64
3 2
3 2
3 15
3 4
3 16
4 67
4 5
4 4
4 14
4 66
4 67
4 15
4 66
4 65
4 64
5 13
5 5
5 6
5 15
5 14
5 4
5 6
5 66
6 13
6 6
6 7
6 12
6 68
6 5
7 69
7 13
7 8
7 6
7 68
7 12
7 7
7 5
8 9
8 7
9 10
9 9
9 10
9 7
10 11
11 12
11 11
11 7
11 10
11 12
11 9
11 6
12 12
12 13
13 12
13 5
13 13
13 4
13 14
14 14
14 13
15 14
15 16
15 4
15 2
16 17
16 2
16 17
17 2
17 17
18 18
18 17
20 18
20 21
20 20
20 18
20 21
21 21
21 22
21 20
22 23
22 21
22 26
22 55
22 22
22 25
23 27
23 26
23 23
23 24
23 22
23 54
23 55
23 52
24 24
24 27
24 25
25 24
25 25
25 27
25 23
26 27
26 30
26 26
26 29
26 22
26 27
26 25
27 27
29 32
29 29
29 27
29 32
29 25
30 27
30 27
30 29
30 30
31 34
31 31
31 32
31 36
31 32
31 33
31 27
31 30
32 32
32 30
32 30
33 34
33 33
33 34
33 32
33 30
33 31
34 34
34 35
34 32
34 32
34 30
35 33
35 33
35 32
35 31
36 36
36 35
39 40
39 41
39 38
39 40
39 41
40 40
40 41
40 41
40 41
41 41
42 43
42 42
42 70
42 41
42 69
42 71
43 68
43 44
43 43
43 69
43 44
43 42
44 45
44 44
44 68
44 45
44 67
44 45
44 69
45 45
45 48
45 50
45 49
47 48
47 45
48 49
48 48
48 49
48 44
50 50
50 44
51 52
51 51
51 50
51 50
51 52
52 24
52 53
52 52
52 24
52 53
52 54
54 53
54 54
54 24
54 52
55 55
55 54
55 58
55 54
55 59
56 57
56 55
56 55
56 58
56 59
56 21
56 20
57 60
57 58
57 61
57 59
57 56
57 59
57 55
57 20
58 57
58 60
58 55
58 56
59 60
59 61
59 59
59 60
59 58
59 60
59 56
60 60
61 62
61 61
61 60
61 56
61 60
62 63
62 62
63 64
63 63
63 64
63 64
63 65
63 64
64 64
64 65
64 65
65 65
65 63
65 66
66 67
66 66
66 65
67 67
67 68
67 5
67 66
67 6
67 68
68 68
68 69
68 6
68 67
68 6
68 69
69 6
69 5
70 70
70 41
70 43
70 69
70 44
71 71
71 70
71 72
71 70
72 71
72 70
72 42
