1 2
1 14
1 15
1 16
1 57
2 3
2 14
2 15
2 58
2 59
3 4
3 12
3 13
3 14
3 58
3 59
3 60
3 61
4 5
4 6
4 12
4 13
4 14
4 60
4 61
4 63
5 6
5 10
5 11
5 12
5 61
5 62
5 63
6 7
6 8
6 10
6 11
6 12
6 62
6 63
7 8
8 9
8 10
9 10
10 11
11 12
12 13
13 14
14 15
15 16
16 17
17 18
18 19
18 50
18 51
19 20
19 50
20 21
20 22
20 23
20 49
21 22
21 23
21 24
21 47
21 48
21 49
22 23
22 24
22 26
23 24
23 26
23 27
24 26
24 27
24 28
26 27
26 29
27 28
27 29
27 30
27 31
28 29
28 30
28 31
28 32
28 33
29 30
29 31
29 32
30 31
30 32
31 32
32 33
34 35
34 36
35 36
36 37
36 64
37 38
37 63
37 64
37 65
37 66
38 39
38 62
38 63
38 64
39 40
39 43
39 45
39 61
39 62
39 63
39 64
40 42
40 43
40 44
40 45
42 43
43 44
45 46
46 47
47 48
48 49
49 50
49 51
49 52
49 53
50 51
50 52
50 53
50 55
51 52
51 53
51 54
51 55
52 53
52 54
53 54
53 55
54 55
55 56
56 57
57 58
57 59
58 59
59 60
60 61
61 62
62 63
63 64
64 65
64 66
65 66
